bestPath = [26 23 22 16 19 25 18 21 24 31 34 33 39 41 45 42 43 50 49 37 38 35 27 15 9 1 5 4 2 10 11 12 6 3 7 8 13 14 17 20 28 29 32 36 40 48 46 47 44 30];