function functionData = LoadFunctionData

functionData = [
     -5.000000      -0.238019;
     -4.900000      -0.243574;
     -4.800000      -0.249383;
     -4.700000      -0.255462;
     -4.600000      -0.261832;
     -4.500000      -0.268511;
     -4.400000      -0.275522;
     -4.300000      -0.282889;
     -4.200000      -0.290637;
     -4.100000      -0.298795;
     -4.000000      -0.307393;
     -3.900000      -0.316466;
     -3.800000      -0.326050;
     -3.700000      -0.336187;
     -3.600000      -0.346919;
     -3.500000      -0.358295;
     -3.400000      -0.370368;
     -3.300000      -0.383194;
     -3.200000      -0.396835;
     -3.100000      -0.411357;
     -3.000000      -0.426829;
     -2.900000      -0.443327;
     -2.800000      -0.460926;
     -2.700000      -0.479701;
     -2.600000      -0.499726;
     -2.500000      -0.521061;
     -2.400000      -0.543748;
     -2.300000      -0.567794;
     -2.200000      -0.593148;
     -2.100000      -0.619666;
     -2.000000      -0.647059;
     -1.900000      -0.674810;
     -1.800000      -0.702060;
     -1.700000      -0.727430;
     -1.600000      -0.748782;
     -1.500000      -0.762887;
     -1.400000      -0.765036;
     -1.300000      -0.748684;
     -1.200000      -0.705362;
     -1.100000      -0.625380;
     -1.000000      -0.500000;
     -0.900000      -0.325463;
     -0.800000      -0.107832;
     -0.700000       0.134667;
     -0.600000       0.375354;
     -0.500000       0.588235;
     -0.400000       0.756630;
     -0.300000       0.875905;
     -0.200000       0.950479;
     -0.100000       0.988901;
      0.000000       1.000000;
      0.100000       0.990901;
      0.200000       0.966454;
      0.300000       0.929471;
      0.400000       0.881435;
      0.500000       0.823529;
      0.600000       0.757790;
      0.700000       0.687848;
      0.800000       0.618615;
      0.900000       0.554918;
      1.000000       0.500000;
      1.100000       0.454933;
      1.200000       0.419053;
      1.300000       0.390809;
      1.400000       0.368473;
      1.500000       0.350515;
      1.600000       0.335734;
      1.700000       0.323243;
      1.800000       0.312413;
      1.900000       0.302806;
      2.000000       0.294118;
      2.100000       0.286139;
      2.200000       0.278724;
      2.300000       0.271770;
      2.400000       0.265203;
      2.500000       0.258970;
      2.600000       0.253032;
      2.700000       0.247358;
      2.800000       0.241925;
      2.900000       0.236713;
      3.000000       0.231707;
      3.100000       0.226894;
      3.200000       0.222261;
      3.300000       0.217799;
      3.400000       0.213498;
      3.500000       0.209350;
      3.600000       0.205348;
      3.700000       0.201485;
      3.800000       0.197753;
      3.900000       0.194147;
      4.000000       0.190661;
      4.100000       0.187290;
      4.200000       0.184028;
      4.300000       0.180871;
      4.400000       0.177813;
      4.500000       0.174852;
      4.600000       0.171982;
      4.700000       0.169199;
      4.800000       0.166501;
      4.900000       0.163883;
      5.000000       0.161342;
];